out_10k_1.txt
  games played: 10000
winning
      (n,frac): (225,2.25e-2)
     (min,max): (46,952)
  (mean,stDev): (324.36,171.0345077963592)
losing
      (n,frac): (9736,0.9736)
     (min,max): (40,982)
  (mean,stDev): (137.1317789646672,73.83356950871597)
timeout
      (n,frac): (39,3.9e-3)
 win histogram: [0,0,0,0,0,0,0,0,0,0,0,0,0,0,0,0,0,0,0,0,0,0,0,0,0,0,0,0,0,0,0,0,0,0,0,0,0,0,0,0,0,0,0,0,0,0,2,0,0,1,0,0,0,0,0,0,0,0,1,0,0,0,0,0,0,0,0,1,0,0,0,0,0,2,0,0,1,0,0,0,0,0,1,0,0,1,0,0,0,0,0,0,0,0,1,0,0,0,0,0,0,0,0,3,0,0,1,0,0,1,0,0,3,0,0,1,0,0,3,0,0,0,0,0,0,0,0,0,0,0,0,0,0,2,0,0,0,0,0,3,0,0,0,0,0,0,0,0,2,0,0,1,0,0,1,0,0,2,0,0,2,0,0,2,0,0,1,0,0,2,0,0,3,0,0,1,0,0,2,0,0,1,0,0,1,0,0,1,0,0,3,0,0,0,0,0,2,0,0,1,0,0,7,0,0,0,0,0,1,0,0,2,0,0,1,0,0,1,0,0,2,0,0,1,0,0,0,0,0,1,0,0,0,0,0,2,0,0,2,0,0,0,0,0,4,0,0,2,0,0,0,0,0,1,0,0,2,0,0,3,0,0,2,0,0,4,0,0,1,0,0,1,0,0,3,0,0,0,0,0,3,0,0,1,0,0,1,0,0,1,0,0,1,0,0,3,0,0,0,0,0,2,0,0,3,0,0,3,0,0,3,0,0,0,0,0,7,0,0,0,0,0,1,0,0,1,0,0,1,0,0,2,0,0,2,0,0,3,0,0,0,0,0,0,0,0,2,0,0,2,0,0,1,0,0,3,0,0,2,0,0,3,0,0,2,0,0,0,0,0,2,0,0,0,0,0,2,0,0,1,0,0,2,0,0,1,0,0,1,0,0,1,0,0,0,0,0,2,0,0,1,0,0,3,0,0,1,0,0,0,0,0,1,0,0,2,0,0,0,0,0,2,0,0,0,0,0,1,0,0,0,0,0,0,0,0,2,0,0,1,0,0,0,0,0,1,0,0,2,0,0,0,0,0,0,0,0,0,0,0,1,0,0,3,0,0,2,0,0,0,0,0,1,0,0,0,0,0,1,0,0,1,0,0,1,0,0,0,0,0,0,0,0,1,0,0,1,0,0,0,0,0,1,0,0,0,0,0,0,0,0,0,0,0,0,0,0,1,0,0,0,0,0,0,0,0,1,0,0,1,0,0,0,0,0,0,0,0,0,0,0,1,0,0,0,0,0,1,0,0,0,0,0,0,0,0,3,0,0,1,0,0,0,0,0,1,0,0,0,0,0,1,0,0,0,0,0,1,0,0,1,0,0,0,0,0,0,0,0,0,0,0,0,0,0,0,0,0,0,0,0,0,0,0,0,0,0,0,0,0,0,0,0,0,0,0,1,0,0,1,0,0,0,0,0,1,0,0,0,0,0,0,0,0,1,0,0,0,0,0,0,0,0,0,0,0,1,0,0,0,0,0,1,0,0,0,0,0,0,0,0,1,0,0,0,0,0,0,0,0,0,0,0,0,0,0,0,0,0,0,0,0,0,0,0,1,0,0,0,0,0,0,0,0,0,0,0,0,0,0,0,0,0,0,0,0,1,0,0,0,0,0,0,0,0,0,0,0,1,0,0,0,0,0,0,0,0,1,0,0,0,0,0,0,0,0,0,0,0,1,0,0,0,0,0,0,0,0,0,0,0,0,0,0,0,0,0,0,0,0,0,0,0,1,0,0,0,0,0,1,0,0,0,0,0,0,0,0,0,0,0,1,0,0,1,0,0,0,0,0,0,0,0,0,0,0,0,0,0,0,0,0,0,0,0,0,0,0,1,0,0,0,0,0,0,0,0,0,0,0,0,0,0,0,0,0,0,0,0,0,0,0,0,0,0,0,0,0,0,0,0,0,0,0,0,0,0,0,0,0,0,0,0,0,0,0,0,0,0,0,0,0,0,0,0,0,0,0,0,0,0,0,0,0,0,0,0,0,0,0,0,0,0,0,0,0,0,0,0,0,0,0,0,0,0,0,0,0,0,0,0,0,0,0,0,0,0,0,0,0,0,0,0,0,0,0,0,0,0,0,0,0,0,0,0,0,0,0,0,0,0,0,0,0,0,0,0,0,0,0,0,0,0,0,0,0,0,0,0,0,0,0,1,0,0,0,0,0,0,0,0,0,0,0,0,0,0,0,0,0,0,0,0,0,0,0,0,0,0,0,0,0,0,0,0,0,0,0,0,0,0,0,0,0,0,0,0,0,0,0,0,0,0,0,0,0,0,0,0,0,0,0,0,0,0,0,0,0,0,0,0,0,0,0,0,0,0,0,0,0,0,0,0,0,0,0,0,0,0,0,0,0,0,0,0,0,0,0,0,0,0,0,0,0,0,0,0,0,0,0,0,0,0,0,0,0,0,0,0,0,0,0,0,0,0,0,0,0,0,0,0,0,0,0,0,0,0,0,0,0,0,0,0,0,0,0,0,0,0,0,0,0,0,0,0,0,0,0,0,0,0,0,0,0,0,0,0,0,0,0,0,0,0,0,0,0,0,0,0,0,0,0,0,0,0,0,0,0,0,0,0,0,0,0,0,0,0,0,0,0,0,0,0,0,0,0,0,0,0,0,0,0,0,0,0,0,0,0,0,0,0,0,0,0,0,0,0,0,0,0,0,0,0,0,0,0,0,0,0,0,0,0,0,0,0,0,0,0,0,0,0,0,0,0,0,0,0,0,0,0,0,0,0,0,0,0,0,0,0,0,0,0,0,0,0,0,0,0,0,0,0,0,0,0,0,0,0,0,0,0,0,0,0,0,0,0,0,0,0,0,0,0,0,0,0,0,0,0,0,0,0,0,0,0,0,0,0,0,0,0,0,0,0,0,0,0,0,0,0,0,0,0,0,0,0,0,0,0,0,0,0,0,0,0,0,0,0,0,0,0,0,0,0,0,0,0,0,0,0,0,0,0,0,0,0,0,0,0,0,0,0,0,0,0,0,0,0,0,0,0,0,0,0,0,0,0,0,0,0,0,0,0,0,0,0,0,0,0,0,0,0,0,0,0,0,0,0,0,0,0,0,0,0,0,0,0,0,0,0,0,0,0,0,0,0,0,0,0,0,0,0,0,0,0,0,0,0,0,0,0,0,0,0,0,0,0,0,0,0,0,0,0,0,0,0,0,0,0,0,0,0,0,0,0,0,0,0,0,0,0,0,0,0,0,0,0,0,0,0,0,0,0,0,0,0,0,0,0,0,0,0,0,0,0,0,0,0,0,0,0,0,0,0,0,0,0,0,0,0,0,0,0,0,0,0,0,0,0,0,0,0,0,0,0,0,0,0,0,0,0,0,0,0,0,0,0,0,0,0,0,0,0,0,0,0,0,0,0,0,0,0,0,0,0,0,0,0,0,0,0,0,0,0,0,0,0,0,0,0,0,0,0,0,0,0,0,0,0,0,0,0,0,0,0,0,0,0,0,0,0,0,0,0,0,0,0,0,0,0,0,0,0,0,0,0,0,0,0,0,0,0,0,0,0,0,0,0,0,0,0,0,0,0,0,0,0,0,0,0,0,0,0,0,0,0,0,0,0,0,0,0,0,0,0,0,0,0,0,0,0,0,0,0,0,0,0,0,0,0,0,0,0,0,0,0,0,0,0,0,0,0,0,0,0,0,0,0,0,0,0,0,0,0,0,0,0,0,0,0,0,0,0,0,0,0,0,0,0,0,0,0,0,0,0,0,0,0,0,0,0,0,0,0,0,0,0,0,0,0,0,0,0,0,0,0,0,0,0,0,0,0,0,0,0,0,0,0,0,0,0,0,0,0,0,0,0,0,0,0,0,0,0,0,0,0,0,0,0,0,0,0,0,0,0,0,0,0,0,0,0,0,0,0,0,0,0,0,0,0,0,0,0,0,0,0,0,0,0,0,0,0,0,0,0,0,0,0,0,0,0,0,0,0,0,0,0,0,0,0,0,0,0,0,0,0,0,0,0,0,0,0,0,0,0,0,0,0,0,0,0,0,0,0,0,0,0,0,0,0,0,0,0,0,0,0,0,0,0,0,0,0,0,0,0,0,0,0,0,0,0,0,0,0,0,0,0,0,0,0,0,0,0,0,0,0,0,0,0,0,0,0,0,0,0,0,0,0,0,0,0,0,0,0,0,0,0,0,0,0,0,0,0,0,0,0,0,0,0,0,0,0,0,0,0,0,0,0,0,0,0,0,0,0,0,0,0,0,0,0,0,0,0,0,0,0,0,0,0,0,0,0,0,0,0,0,0,0,0,0,0,0,0,0,0,0,0,0,0,0,0,0,0,0,0,0,0,0,0,0,0,0,0,0,0,0,0,0,0,0,0,0,0,0,0,0,0,0,0,0,0,0,0,0,0,0,0,0,0,0,0,0,0,0,0,0,0,0,0,0,0,0,0,0,0,0,0,0,0,0,0,0,0,0,0,0,0,0,0,0,0,0,0,0,0,0,0,0,0,0,0,0,0,0,0,0,0,0,0,0,0,0]
loss histogram: [0,0,0,0,0,0,0,0,0,0,0,0,0,0,0,0,0,0,0,0,0,0,0,0,0,0,0,0,0,0,0,0,0,0,0,0,0,0,0,0,1,0,0,6,0,0,9,0,0,28,0,0,38,0,0,61,0,0,103,0,0,118,0,0,152,0,0,166,0,0,199,0,0,219,0,0,210,0,0,250,0,0,256,0,0,262,0,0,284,0,0,292,0,0,266,0,0,292,0,0,278,0,0,242,0,0,242,0,0,219,0,0,254,0,0,231,0,0,226,0,0,197,0,0,232,0,0,226,0,0,215,0,0,212,0,0,188,0,0,169,0,0,141,0,0,157,0,0,156,0,0,145,0,0,153,0,0,111,0,0,101,0,0,132,0,0,114,0,0,93,0,0,96,0,0,93,0,0,93,0,0,100,0,0,79,0,0,107,0,0,71,0,0,65,0,0,59,0,0,69,0,0,56,0,0,47,0,0,51,0,0,38,0,0,37,0,0,44,0,0,43,0,0,35,0,0,34,0,0,39,0,0,33,0,0,26,0,0,19,0,0,32,0,0,23,0,0,31,0,0,35,0,0,25,0,0,21,0,0,29,0,0,13,0,0,22,0,0,20,0,0,27,0,0,31,0,0,15,0,0,21,0,0,13,0,0,21,0,0,18,0,0,12,0,0,11,0,0,9,0,0,10,0,0,11,0,0,11,0,0,5,0,0,7,0,0,10,0,0,12,0,0,8,0,0,10,0,0,6,0,0,11,0,0,5,0,0,12,0,0,8,0,0,10,0,0,6,0,0,5,0,0,6,0,0,5,0,0,4,0,0,2,0,0,3,0,0,3,0,0,3,0,0,5,0,0,2,0,0,3,0,0,4,0,0,9,0,0,4,0,0,3,0,0,2,0,0,2,0,0,1,0,0,2,0,0,2,0,0,4,0,0,4,0,0,2,0,0,3,0,0,1,0,0,2,0,0,3,0,0,2,0,0,2,0,0,5,0,0,4,0,0,2,0,0,0,0,0,2,0,0,4,0,0,2,0,0,1,0,0,2,0,0,1,0,0,3,0,0,2,0,0,2,0,0,1,0,0,1,0,0,1,0,0,0,0,0,2,0,0,0,0,0,1,0,0,1,0,0,3,0,0,3,0,0,1,0,0,1,0,0,2,0,0,1,0,0,0,0,0,1,0,0,0,0,0,1,0,0,0,0,0,3,0,0,1,0,0,2,0,0,0,0,0,0,0,0,2,0,0,0,0,0,1,0,0,1,0,0,0,0,0,0,0,0,1,0,0,1,0,0,0,0,0,2,0,0,1,0,0,1,0,0,1,0,0,1,0,0,0,0,0,0,0,0,0,0,0,1,0,0,0,0,0,1,0,0,0,0,0,0,0,0,1,0,0,3,0,0,0,0,0,0,0,0,0,0,0,0,0,0,0,0,0,1,0,0,0,0,0,1,0,0,0,0,0,1,0,0,0,0,0,0,0,0,0,0,0,0,0,0,2,0,0,0,0,0,0,0,0,0,0,0,2,0,0,0,0,0,0,0,0,1,0,0,0,0,0,1,0,0,0,0,0,0,0,0,0,0,0,0,0,0,0,0,0,0,0,0,0,0,0,0,0,0,0,0,0,1,0,0,1,0,0,0,0,0,0,0,0,1,0,0,0,0,0,0,0,0,0,0,0,0,0,0,1,0,0,0,0,0,0,0,0,0,0,0,0,0,0,0,0,0,0,0,0,0,0,0,0,0,0,0,0,0,0,0,0,0,0,0,0,0,0,0,0,0,0,0,0,0,0,0,0,0,0,0,0,0,0,0,0,0,0,0,0,0,0,0,0,0,0,0,0,1,0,0,0,0,0,0,0,0,0,0,0,0,0,0,0,0,0,0,0,0,0,0,0,0,0,0,0,0,0,0,0,0,0,0,0,0,0,0,0,0,0,0,0,0,1,0,0,0,0,0,0,0,0,0,0,0,1,0,0,0,0,0,0,0,0,0,0,0,0,0,0,0,0,0,0,0,0,1,0,0,0,0,0,0,0,0,0,0,0,0,0,0,0,0,0,0,0,0,0,0,0,0,0,0,0,0,0,0,0,0,0,0,0,0,0,0,0,0,0,0,0,0,0,0,0,0,0,0,0,0,0,0,0,0,0,0,0,0,0,0,0,0,0,0,0,0,0,0,0,0,0,0,0,0,0,0,0,0,0,0,0,0,0,0,0,0,0,1,0,0,0,0,0,0,0,0,0,0,0,0,0,0,0,0,0,0,0,0,0,0,0,0,0,0,0,0,0,0,0,0,0,0,0,0,0,0,0,0,0,0,0,0,0,0,0,0,0,0,0,0,0,0,0,0,0,0,0,0,0,0,0,0,0,0,0,0,0,0,0,0,0,0,0,0,0,0,0,0,0,0,0,0,0,0,0,0,0,0,0,0,0,0,0,0,0,0,0,0,0,0,0,0,0,0,0,0,0,0,0,0,0,0,0,0,0,0,0,0,0,0,0,0,0,0,0,0,0,0,0,0,0,0,0,0,0,0,0,0,0,0,0,0,0,0,0,0,0,0,0,0,0,0,0,0,0,0,0,0,0,0,0,0,0,0,0,0,0,0,0,0,0,0,0,0,0,0,0,0,0,0,0,0,0,0,0,0,0,0,0,0,0,0,0,0,0,0,0,0,0,0,0,0,0,0,0,0,0,0,0,0,0,0,0,0,0,0,0,0,0,0,0,0,0,0,0,0,0,0,0,0,0,0,0,0,0,0,0,0,0,0,0,0,0,0,0,0,0,0,0,0,0,0,0,0,0,0,0,0,0,0,0,0,0,0,0,0,0,0,0,0,0,0,0,0,0,0,0,0,0,0,0,0,0,0,0,0,0,0,0,0,0,0,0,0,0,0,0,0,0,0,0,0,0,0,0,0,0,0,0,0,0,0,0,0,0,0,0,0,0,0,0,0,0,0,0,0,0,0,0,0,0,0,0,0,0,0,0,0,0,0,0,0,0,0,0,0,0,0,0,0,0,0,0,0,0,0,0,0,0,0,0,0,0,0,0,0,0,0,0,0,0,0,0,0,0,0,0,0,0,0,0,0,0,0,0,0,0,0,0,0,0,0,0,0,0,0,0,0,0,0,0,0,0,0,0,0,0,0,0,0,0,0,0,0,0,0,0,0,0,0,0,0,0,0,0,0,0,0,0,0,0,0,0,0,0,0,0,0,0,0,0,0,0,0,0,0,0,0,0,0,0,0,0,0,0,0,0,0,0,0,0,0,0,0,0,0,0,0,0,0,0,0,0,0,0,0,0,0,0,0,0,0,0,0,0,0,0,0,0,0,0,0,0,0,0,0,0,0,0,0,0,0,0,0,0,0,0,0,0,0,0,0,0,0,0,0,0,0,0,0,0,0,0,0,0,0,0,0,0,0,0,0,0,0,0,0,0,0,0,0,0,0,0,0,0,0,0,0,0,0,0,0,0,0,0,0,0,0,0,0,0,0,0,0,0,0,0,0,0,0,0,0,0,0,0,0,0,0,0,0,0,0,0,0,0,0,0,0,0,0,0,0,0,0,0,0,0,0,0,0,0,0,0,0,0,0,0,0,0,0,0,0,0,0,0,0,0,0,0,0,0,0,0,0,0,0,0,0,0,0,0,0,0,0,0,0,0,0,0,0,0,0,0,0,0,0,0,0,0,0,0,0,0,0,0,0,0,0,0,0,0,0,0,0,0,0,0,0,0,0,0,0,0,0,0,0,0,0,0,0,0,0,0,0,0,0,0,0,0,0,0,0,0,0,0,0,0,0,0,0,0,0,0,0,0,0,0,0,0,0,0,0,0,0,0,0,0,0,0,0,0,0,0,0,0,0,0,0,0,0,0,0,0,0,0,0,0,0,0,0,0,0,0,0,0,0,0,0,0,0,0,0,0,0,0,0,0,0,0,0,0,0,0,0,0,0,0,0,0,0,0,0,0,0,0,0,0,0,0,0,0,0,0,0,0,0,0,0,0,0,0,0,0,0,0,0,0,0,0,0,0,0,0,0,0,0,0,0,0,0,0,0,0,0,0,0,0,0,0,0,0,0,0,0,0,0,0,0,0,0,0,0,0,0,0,0,0,0,0,0,0,0,0,0,0,0,0,0,0,0,0,0,0,0,0,0,0,0,0,0,0,0,0,0,0,0,0,0,0,0,0,0,0,0,0,0,0,0,0,0,0,0,0,0,0,0,0,0,0,0,0,0,0,0,0,0,0,0,0,0,0,0,0,0,0,0,0,0,0,0,0,0,0,0,0,0,0,0,0,0,0,0,0,0,0,0,0,0,0,0,0,0,0,0,0,0,0,0,0,0,0,0,0,0,0,0,0,0,0,0,0,0,0,0,0,0,0,0,0,0,0,0,0,0,0,0,0,0,0,0,0,0,0,0,0,0,0,0,0,0,0,0,0,0,0,0,0,0,0,0,0,0,0,0,0,0,0,0,0,0,0,0,0,0,0,0,0,0,0,0,0,0,0,0,0,0]

out_40M.txt
  games played: 40000000
winning
      (n,frac): (932032,2.33008e-2)
     (min,max): (7,1939)
  (mean,stDev): (321.8357813894802,174.27604783675375)
losing
      (n,frac): (38915507,0.972887675)
     (min,max): (37,1990)
  (mean,stDev): (137.51035693817377,73.598231819822)
timeout
      (n,frac): (152461,3.811525e-3)
 win histogram: [0,0,0,0,0,0,0,5,0,0,12,0,0,33,0,0,58,0,0,81,0,0,102,0,0,135,0,0,190,0,0,206,0,0,237,0,0,814,0,0,1309,0,0,1451,0,0,1559,0,0,1648,0,0,1761,0,0,1870,0,0,1872,0,0,1979,0,0,2179,0,0,2342,0,0,2496,0,0,2742,0,0,2987,0,0,3153,0,0,3469,0,0,3792,0,0,3660,0,0,3672,0,0,3823,0,0,3897,0,0,4154,0,0,4253,0,0,4432,0,0,4557,0,0,4762,0,0,4839,0,0,5004,0,0,5033,0,0,5113,0,0,5264,0,0,5377,0,0,5304,0,0,5552,0,0,5609,0,0,5621,0,0,5693,0,0,5828,0,0,5946,0,0,5908,0,0,6057,0,0,6208,0,0,6312,0,0,6425,0,0,6299,0,0,6408,0,0,6514,0,0,6613,0,0,6560,0,0,6571,0,0,6608,0,0,6671,0,0,6843,0,0,6863,0,0,6770,0,0,6751,0,0,6936,0,0,6780,0,0,6801,0,0,6943,0,0,6922,0,0,6894,0,0,6880,0,0,7075,0,0,7004,0,0,7191,0,0,7004,0,0,7110,0,0,7170,0,0,7113,0,0,6889,0,0,6924,0,0,7101,0,0,6809,0,0,6870,0,0,7103,0,0,6942,0,0,6977,0,0,6835,0,0,7096,0,0,6756,0,0,6804,0,0,6705,0,0,6711,0,0,6898,0,0,6722,0,0,6646,0,0,6637,0,0,6712,0,0,6507,0,0,6536,0,0,6551,0,0,6277,0,0,6407,0,0,6341,0,0,6119,0,0,6238,0,0,6169,0,0,6239,0,0,6210,0,0,6233,0,0,6174,0,0,5853,0,0,5815,0,0,5821,0,0,5857,0,0,5800,0,0,5589,0,0,5581,0,0,5496,0,0,5425,0,0,5448,0,0,5426,0,0,5290,0,0,5211,0,0,5163,0,0,5150,0,0,5004,0,0,5035,0,0,4996,0,0,4834,0,0,4749,0,0,4708,0,0,4568,0,0,4646,0,0,4448,0,0,4430,0,0,4468,0,0,4438,0,0,4186,0,0,4306,0,0,4045,0,0,4108,0,0,3929,0,0,4036,0,0,3934,0,0,3942,0,0,3706,0,0,3698,0,0,3759,0,0,3648,0,0,3657,0,0,3451,0,0,3438,0,0,3426,0,0,3312,0,0,3393,0,0,3245,0,0,3146,0,0,3194,0,0,3071,0,0,2991,0,0,2906,0,0,2847,0,0,2803,0,0,2780,0,0,2762,0,0,2717,0,0,2536,0,0,2660,0,0,2520,0,0,2410,0,0,2405,0,0,2369,0,0,2426,0,0,2225,0,0,2304,0,0,2250,0,0,2185,0,0,2142,0,0,2130,0,0,1987,0,0,2164,0,0,1987,0,0,1957,0,0,1885,0,0,1865,0,0,1744,0,0,1807,0,0,1779,0,0,1679,0,0,1640,0,0,1562,0,0,1696,0,0,1574,0,0,1505,0,0,1463,0,0,1449,0,0,1458,0,0,1397,0,0,1304,0,0,1320,0,0,1288,0,0,1310,0,0,1347,0,0,1265,0,0,1227,0,0,1213,0,0,1163,0,0,1169,0,0,1125,0,0,1095,0,0,1047,0,0,1096,0,0,1031,0,0,967,0,0,970,0,0,945,0,0,934,0,0,985,0,0,889,0,0,839,0,0,875,0,0,847,0,0,862,0,0,826,0,0,777,0,0,764,0,0,797,0,0,741,0,0,763,0,0,723,0,0,676,0,0,711,0,0,621,0,0,617,0,0,637,0,0,629,0,0,545,0,0,591,0,0,597,0,0,560,0,0,527,0,0,566,0,0,553,0,0,516,0,0,458,0,0,510,0,0,501,0,0,470,0,0,485,0,0,470,0,0,446,0,0,421,0,0,454,0,0,383,0,0,378,0,0,396,0,0,359,0,0,402,0,0,334,0,0,389,0,0,341,0,0,350,0,0,295,0,0,342,0,0,307,0,0,319,0,0,302,0,0,309,0,0,296,0,0,270,0,0,285,0,0,269,0,0,263,0,0,276,0,0,265,0,0,258,0,0,235,0,0,266,0,0,231,0,0,218,0,0,203,0,0,211,0,0,195,0,0,220,0,0,199,0,0,196,0,0,170,0,0,166,0,0,168,0,0,185,0,0,173,0,0,164,0,0,191,0,0,147,0,0,159,0,0,171,0,0,166,0,0,154,0,0,153,0,0,136,0,0,154,0,0,143,0,0,132,0,0,144,0,0,133,0,0,119,0,0,129,0,0,116,0,0,119,0,0,119,0,0,105,0,0,128,0,0,104,0,0,95,0,0,86,0,0,107,0,0,89,0,0,74,0,0,83,0,0,91,0,0,93,0,0,85,0,0,81,0,0,91,0,0,85,0,0,83,0,0,94,0,0,85,0,0,63,0,0,76,0,0,75,0,0,51,0,0,62,0,0,61,0,0,74,0,0,52,0,0,50,0,0,47,0,0,46,0,0,45,0,0,62,0,0,56,0,0,50,0,0,57,0,0,50,0,0,59,0,0,48,0,0,51,0,0,37,0,0,39,0,0,51,0,0,57,0,0,42,0,0,36,0,0,33,0,0,30,0,0,34,0,0,43,0,0,47,0,0,32,0,0,33,0,0,38,0,0,30,0,0,39,0,0,34,0,0,32,0,0,20,0,0,17,0,0,30,0,0,31,0,0,37,0,0,19,0,0,22,0,0,19,0,0,26,0,0,27,0,0,27,0,0,16,0,0,27,0,0,14,0,0,22,0,0,23,0,0,24,0,0,10,0,0,24,0,0,11,0,0,22,0,0,23,0,0,21,0,0,13,0,0,18,0,0,7,0,0,14,0,0,17,0,0,15,0,0,12,0,0,19,0,0,12,0,0,9,0,0,14,0,0,9,0,0,8,0,0,16,0,0,14,0,0,10,0,0,21,0,0,18,0,0,20,0,0,13,0,0,7,0,0,9,0,0,11,0,0,15,0,0,13,0,0,11,0,0,6,0,0,11,0,0,7,0,0,9,0,0,7,0,0,7,0,0,10,0,0,7,0,0,10,0,0,8,0,0,8,0,0,8,0,0,4,0,0,8,0,0,5,0,0,7,0,0,4,0,0,6,0,0,10,0,0,7,0,0,5,0,0,7,0,0,7,0,0,6,0,0,7,0,0,8,0,0,5,0,0,5,0,0,2,0,0,5,0,0,0,0,0,6,0,0,4,0,0,3,0,0,5,0,0,5,0,0,4,0,0,10,0,0,6,0,0,4,0,0,3,0,0,4,0,0,7,0,0,5,0,0,3,0,0,6,0,0,2,0,0,3,0,0,1,0,0,3,0,0,4,0,0,3,0,0,0,0,0,1,0,0,3,0,0,1,0,0,5,0,0,1,0,0,3,0,0,4,0,0,3,0,0,4,0,0,1,0,0,2,0,0,5,0,0,0,0,0,2,0,0,3,0,0,1,0,0,1,0,0,2,0,0,0,0,0,1,0,0,1,0,0,0,0,0,0,0,0,2,0,0,1,0,0,0,0,0,2,0,0,1,0,0,1,0,0,1,0,0,1,0,0,0,0,0,3,0,0,0,0,0,0,0,0,0,0,0,1,0,0,0,0,0,1,0,0,5,0,0,1,0,0,2,0,0,1,0,0,1,0,0,0,0,0,2,0,0,0,0,0,2,0,0,1,0,0,0,0,0,0,0,0,1,0,0,2,0,0,1,0,0,1,0,0,0,0,0,0,0,0,0,0,0,0,0,0,0,0,0,0,0,0,1,0,0,0,0,0,1,0,0,0,0,0,0,0,0,2,0,0,1,0,0,0,0,0,1,0,0,0,0,0,1,0,0,0,0,0,0,0,0,1,0,0,0,0,0,0,0,0,0,0,0,1,0,0,0,0,0,1,0,0,0,0,0,0,0,0,0,0,0,0,0,0,0,0,0,0,0,0,0,0,0,0,0,0,0,0,0,0,0,0,0,0,0,2,0,0,0,0,0,1,0,0,0,0,0,0,0,0,1,0,0,0,0,0,0,0,0,0,0,0,0,0,0,0,0,0,0,0,0,0,0,0,0,0,0,0,0,0,0,0,0,0,0,0,0,0,0,1,0,0,0,0,0,0,0,0,0,0,0,0,0,0,0,0,0,0,0,0,0,0,0,0,0,0,0,0,0,0,0,0,0,0,0,0,0,0,0,0,0,0,0,0,0,0,0,0,0,0,1,0,0,0,0,0,0,0,0,0,0,0,0,0,0,0,0,0,1,0,0,0,0,0,0,0,0,0,0,0,1,0,0,0,0,0,0,0,0,0,0,0,0,0,0,0,0,0,0,0,0,0,0,0,0,0,0,0,0,0,0,0,0,0,0,0,0,0,0,0,0,0,0,0,0,0,0,0,0,0,0,0,0,0,0,0,0,0,0,0,0,0,0,0,0,0,0,0,0,0,0,0,0,0,0,0,0,0,0,0,0,0,0,0,0,0,0,0,0,0,0,0,0,0,0,0,0,0,0,0,0,0,0,0,0,0,0,0,0,0,0,1,0,0,0,0,0,0,0,0,0,0,0,0,0,0,0,0,0,0,0,0,0,0,0,0,0,0,0,0,0,0,0,0,0,0,0,0,0,0,0,0,0,0,0,0,0,0,0,0,0,0,0,0,0,0,0,0,0,0,0,0,0]
loss histogram: [0,0,0,0,0,0,0,0,0,0,0,0,0,0,0,0,0,0,0,0,0,0,0,0,0,0,0,0,0,0,0,0,0,0,0,0,0,1286,0,0,7360,0,0,23350,0,0,54702,0,0,106195,0,0,174748,0,0,254136,0,0,347870,0,0,456670,0,0,566577,0,0,680039,0,0,788782,0,0,853614,0,0,914529,0,0,984140,0,0,1030752,0,0,1062541,0,0,1096264,0,0,1116152,0,0,1102612,0,0,1094907,0,0,1076395,0,0,1050962,0,0,1032395,0,0,1015935,0,0,998767,0,0,960427,0,0,913749,0,0,873335,0,0,839625,0,0,811132,0,0,785831,0,0,756806,0,0,713449,0,0,673704,0,0,644827,0,0,615939,0,0,588264,0,0,564405,0,0,535701,0,0,505412,0,0,478772,0,0,454639,0,0,434561,0,0,415453,0,0,394485,0,0,372563,0,0,352733,0,0,333560,0,0,317923,0,0,303447,0,0,287494,0,0,273386,0,0,258747,0,0,246031,0,0,234332,0,0,222578,0,0,210633,0,0,200111,0,0,191141,0,0,181251,0,0,173205,0,0,164145,0,0,156715,0,0,148190,0,0,141040,0,0,134466,0,0,129465,0,0,122686,0,0,116838,0,0,111099,0,0,106002,0,0,101362,0,0,96638,0,0,92621,0,0,88586,0,0,84172,0,0,80436,0,0,76516,0,0,72815,0,0,69935,0,0,67103,0,0,64263,0,0,61687,0,0,58948,0,0,56107,0,0,54110,0,0,51979,0,0,49690,0,0,47625,0,0,46034,0,0,43706,0,0,42246,0,0,40154,0,0,38634,0,0,37344,0,0,35654,0,0,34250,0,0,32962,0,0,31786,0,0,30583,0,0,29367,0,0,28283,0,0,27062,0,0,26272,0,0,25150,0,0,24167,0,0,23152,0,0,22206,0,0,21398,0,0,20803,0,0,20068,0,0,19136,0,0,18575,0,0,18156,0,0,17258,0,0,16659,0,0,16341,0,0,15382,0,0,15079,0,0,14480,0,0,14216,0,0,13502,0,0,13109,0,0,12542,0,0,12181,0,0,11931,0,0,11472,0,0,11164,0,0,10687,0,0,10266,0,0,9851,0,0,9741,0,0,9368,0,0,8997,0,0,8968,0,0,8430,0,0,8158,0,0,8201,0,0,7706,0,0,7360,0,0,7383,0,0,7139,0,0,6725,0,0,6600,0,0,6491,0,0,6149,0,0,5949,0,0,5812,0,0,5597,0,0,5437,0,0,5432,0,0,5219,0,0,5120,0,0,4951,0,0,4792,0,0,4689,0,0,4426,0,0,4213,0,0,4139,0,0,4028,0,0,4010,0,0,3863,0,0,3702,0,0,3637,0,0,3463,0,0,3491,0,0,3141,0,0,3212,0,0,3072,0,0,3055,0,0,3012,0,0,2831,0,0,2795,0,0,2700,0,0,2550,0,0,2597,0,0,2490,0,0,2378,0,0,2291,0,0,2292,0,0,2408,0,0,2166,0,0,1996,0,0,2101,0,0,1922,0,0,2016,0,0,1911,0,0,1779,0,0,1787,0,0,1794,0,0,1780,0,0,1676,0,0,1594,0,0,1589,0,0,1494,0,0,1545,0,0,1411,0,0,1407,0,0,1361,0,0,1366,0,0,1294,0,0,1304,0,0,1263,0,0,1177,0,0,1150,0,0,1140,0,0,1118,0,0,1072,0,0,1069,0,0,1033,0,0,1010,0,0,967,0,0,968,0,0,903,0,0,914,0,0,889,0,0,866,0,0,863,0,0,803,0,0,787,0,0,803,0,0,767,0,0,718,0,0,752,0,0,695,0,0,662,0,0,680,0,0,639,0,0,651,0,0,657,0,0,610,0,0,594,0,0,595,0,0,568,0,0,584,0,0,542,0,0,500,0,0,500,0,0,519,0,0,470,0,0,444,0,0,453,0,0,503,0,0,404,0,0,422,0,0,429,0,0,448,0,0,389,0,0,407,0,0,359,0,0,387,0,0,371,0,0,345,0,0,347,0,0,355,0,0,357,0,0,314,0,0,303,0,0,315,0,0,292,0,0,272,0,0,279,0,0,276,0,0,285,0,0,277,0,0,231,0,0,265,0,0,227,0,0,235,0,0,229,0,0,198,0,0,218,0,0,250,0,0,211,0,0,218,0,0,198,0,0,179,0,0,185,0,0,197,0,0,182,0,0,184,0,0,183,0,0,152,0,0,151,0,0,175,0,0,161,0,0,134,0,0,151,0,0,139,0,0,146,0,0,119,0,0,134,0,0,147,0,0,139,0,0,114,0,0,124,0,0,132,0,0,86,0,0,109,0,0,113,0,0,103,0,0,107,0,0,119,0,0,89,0,0,94,0,0,95,0,0,97,0,0,100,0,0,75,0,0,77,0,0,107,0,0,96,0,0,67,0,0,74,0,0,89,0,0,84,0,0,88,0,0,69,0,0,59,0,0,65,0,0,60,0,0,64,0,0,54,0,0,64,0,0,56,0,0,68,0,0,64,0,0,54,0,0,62,0,0,55,0,0,40,0,0,56,0,0,41,0,0,43,0,0,46,0,0,41,0,0,49,0,0,51,0,0,51,0,0,33,0,0,46,0,0,37,0,0,41,0,0,41,0,0,45,0,0,47,0,0,37,0,0,26,0,0,34,0,0,32,0,0,37,0,0,32,0,0,35,0,0,35,0,0,32,0,0,31,0,0,26,0,0,26,0,0,21,0,0,31,0,0,34,0,0,21,0,0,31,0,0,20,0,0,26,0,0,22,0,0,25,0,0,30,0,0,21,0,0,14,0,0,17,0,0,15,0,0,19,0,0,18,0,0,26,0,0,14,0,0,30,0,0,20,0,0,15,0,0,18,0,0,18,0,0,17,0,0,20,0,0,16,0,0,15,0,0,17,0,0,13,0,0,13,0,0,11,0,0,17,0,0,15,0,0,18,0,0,7,0,0,10,0,0,11,0,0,13,0,0,8,0,0,12,0,0,10,0,0,11,0,0,16,0,0,5,0,0,5,0,0,5,0,0,8,0,0,3,0,0,6,0,0,10,0,0,9,0,0,6,0,0,5,0,0,3,0,0,8,0,0,5,0,0,6,0,0,7,0,0,8,0,0,5,0,0,8,0,0,6,0,0,11,0,0,5,0,0,5,0,0,1,0,0,3,0,0,8,0,0,6,0,0,4,0,0,4,0,0,5,0,0,9,0,0,7,0,0,3,0,0,5,0,0,5,0,0,2,0,0,8,0,0,5,0,0,4,0,0,4,0,0,8,0,0,2,0,0,4,0,0,3,0,0,3,0,0,6,0,0,2,0,0,3,0,0,1,0,0,3,0,0,3,0,0,0,0,0,2,0,0,0,0,0,5,0,0,3,0,0,1,0,0,2,0,0,2,0,0,2,0,0,1,0,0,3,0,0,3,0,0,3,0,0,2,0,0,2,0,0,0,0,0,3,0,0,2,0,0,2,0,0,5,0,0,1,0,0,1,0,0,4,0,0,3,0,0,8,0,0,4,0,0,0,0,0,0,0,0,0,0,0,2,0,0,2,0,0,3,0,0,2,0,0,1,0,0,3,0,0,0,0,0,3,0,0,1,0,0,1,0,0,3,0,0,0,0,0,0,0,0,0,0,0,2,0,0,0,0,0,1,0,0,1,0,0,0,0,0,1,0,0,0,0,0,1,0,0,0,0,0,0,0,0,1,0,0,0,0,0,2,0,0,0,0,0,0,0,0,1,0,0,0,0,0,0,0,0,1,0,0,2,0,0,2,0,0,2,0,0,1,0,0,0,0,0,1,0,0,1,0,0,0,0,0,0,0,0,2,0,0,1,0,0,1,0,0,1,0,0,0,0,0,1,0,0,0,0,0,1,0,0,1,0,0,2,0,0,0,0,0,0,0,0,1,0,0,2,0,0,0,0,0,0,0,0,0,0,0,0,0,0,1,0,0,0,0,0,1,0,0,1,0,0,1,0,0,1,0,0,3,0,0,1,0,0,0,0,0,1,0,0,0,0,0,0,0,0,0,0,0,0,0,0,0,0,0,0,0,0,0,0,0,0,0,0,0,0,0,0,0,0,0,0,0,0,0,0,0,0,0,0,0,0,0,0,0,0,0,0,1,0,0,0,0,0,0,0,0,0,0,0,0,0,0,0,0,0,0,0,0,2,0,0,0,0,0,0,0,0,0,0,0,0,0,0,1,0,0,0,0,0,0,0,0,0,0,0,0,0,0,0,0,0,0,0,0,0,0,0,0,0,0,0,0,0,1,0,0,0,0,0,0,0,0,0,0,0,0,0,0,0,0,0,0,0,0,0,0,0,0,0,0,1,0,0,0,0,0,0,0,0,0,0,0,0,0,0,0,0,0,0,0,0,0,0,0,0,0,0,0,0,0,0,0,0,0,0,0,0,0,0,0,0,0,0,0,0,0,0,0,0,0,0,0,0,0,0,0,0,1,0,0,0,0,0,0,0,0,0,0,0,0,0,0,0,0,0,0,0,0,0,0,0,0,0,0,0,0,0,0,0,0,0,0,0,0,0,0,0,0,0,0,0,0,0,0,0,0,0,0,0,0,0,0,0,0,0,0,0,0,0,0,0,0,0,0,0,0,0,0,0,1,0,0,0,0,0,0,0,0,0,0,0,0,0,0,0,0,0,0,0,0,0,0,0,0,0,0,0,0,0,1,0,0,0,0,0,0,0,0,0,0]

