output/data1M.txt
  games played: 1000000
winning
      (n,frac): (23536,2.3536e-2)
     (min,max): (7,1492)
  (mean,stDev): (321.49753569000677,173.59126490467)
losing
      (n,frac): (972648,0.972648)
     (min,max): (37,1555)
  (mean,stDev): (137.50326634095788,73.70912840810026)
timeout
      (n,frac): (3816,3.816e-3)
    win freq.s: [(7,1),(10,0),(13,1),(16,0),(19,6),(22,4),(25,4),(28,3),(31,4),(34,5),(37,15),(40,31),(43,43),(46,39),(49,37),(52,43),(55,47),(58,57),(61,46),(64,70),(67,66),(70,61),(73,68),(76,82),(79,75),(82,74),(85,97),(88,81),(91,99),(94,116),(97,91),(100,110),(103,113),(106,127),(109,109),(112,117),(115,129),(118,120),(121,113),(124,148),(127,149),(130,125),(133,126),(136,154),(139,134),(142,153),(145,142),(148,126),(151,136),(154,157),(157,148),(160,151),(163,169),(166,160),(169,168),(172,152),(175,150),(178,156),(181,138),(184,151),(187,179),(190,155),(193,182),(196,159),(199,178),(202,178),(205,183),(208,196),(211,189),(214,174),(217,180),(220,158),(223,174),(226,173),(229,170),(232,162),(235,189),(238,182),(241,170),(244,187),(247,179),(250,161),(253,160),(256,155),(259,170),(262,205),(265,196),(268,167),(271,194),(274,177),(277,165),(280,153),(283,157),(286,186),(289,151),(292,171),(295,158),(298,180),(301,166),(304,182),(307,171),(310,170),(313,184),(316,170),(319,155),(322,165),(325,186),(328,138),(331,145),(334,171),(337,138),(340,175),(343,140),(346,149),(349,146),(352,169),(355,132),(358,113),(361,136),(364,140),(367,152),(370,139),(373,134),(376,129),(379,158),(382,134),(385,133),(388,106),(391,138),(394,143),(397,101),(400,119),(403,129),(406,101),(409,129),(412,110),(415,124),(418,130),(421,118),(424,88),(427,100),(430,98),(433,117),(436,103),(439,109),(442,93),(445,108),(448,92),(451,91),(454,94),(457,93),(460,83),(463,88),(466,88),(469,77),(472,79),(475,81),(478,70),(481,79),(484,95),(487,82),(490,83),(493,74),(496,85),(499,76),(502,68),(505,63),(508,62),(511,76),(514,63),(517,50),(520,62),(523,62),(526,55),(529,36),(532,57),(535,67),(538,58),(541,47),(544,57),(547,39),(550,49),(553,66),(556,58),(559,41),(562,42),(565,42),(568,40),(571,53),(574,43),(577,42),(580,46),(583,53),(586,34),(589,44),(592,38),(595,38),(598,43),(601,35),(604,40),(607,36),(610,34),(613,47),(616,35),(619,41),(622,24),(625,29),(628,34),(631,24),(634,35),(637,24),(640,18),(643,28),(646,24),(649,32),(652,26),(655,15),(658,23),(661,22),(664,16),(667,28),(670,20),(673,22),(676,14),(679,27),(682,20),(685,24),(688,13),(691,18),(694,26),(697,14),(700,20),(703,21),(706,16),(709,15),(712,24),(715,12),(718,11),(721,11),(724,9),(727,25),(730,13),(733,12),(736,13),(739,7),(742,14),(745,14),(748,10),(751,13),(754,8),(757,10),(760,14),(763,17),(766,14),(769,5),(772,8),(775,8),(778,15),(781,9),(784,13),(787,11),(790,9),(793,12),(796,8),(799,8),(802,10),(805,8),(808,6),(811,11),(814,5),(817,5),(820,6),(823,10),(826,5),(829,8),(832,5),(835,7),(838,6),(841,4),(844,7),(847,8),(850,8),(853,5),(856,7),(859,2),(862,10),(865,6),(868,3),(871,4),(874,2),(877,4),(880,4),(883,5),(886,5),(889,6),(892,6),(895,5),(898,0),(901,4),(904,3),(907,4),(910,3),(913,2),(916,2),(919,0),(922,4),(925,4),(928,1),(931,1),(934,3),(937,1),(940,4),(943,3),(946,3),(949,2),(952,0),(955,1),(958,1),(961,3),(964,5),(967,3),(970,4),(973,3),(976,3),(979,3),(982,1),(985,3),(988,1),(991,3),(994,2),(997,2),(1000,2),(1003,3),(1006,0),(1009,1),(1012,0),(1015,2),(1018,3),(1021,3),(1024,2),(1027,3),(1030,2),(1033,1),(1036,2),(1039,0),(1042,3),(1045,1),(1048,0),(1051,2),(1054,3),(1057,2),(1060,1),(1063,2),(1066,0),(1069,3),(1072,0),(1075,1),(1078,0),(1081,0),(1084,1),(1087,1),(1090,3),(1093,0),(1096,0),(1099,1),(1102,1),(1105,2),(1108,0),(1111,1),(1114,0),(1117,1),(1120,0),(1123,0),(1126,0),(1129,1),(1132,1),(1135,1),(1138,0),(1141,0),(1144,0),(1147,0),(1150,0),(1153,0),(1156,0),(1159,1),(1162,1),(1165,0),(1168,0),(1171,1),(1174,1),(1177,0),(1180,1),(1183,0),(1186,0),(1189,0),(1192,0),(1195,2),(1198,0),(1201,0),(1204,0),(1207,0),(1210,0),(1213,0),(1216,0),(1219,1),(1222,0),(1225,0),(1228,1),(1231,1),(1234,0),(1237,0),(1240,0),(1243,0),(1246,1),(1249,0),(1252,0),(1255,0),(1258,0),(1261,0),(1264,0),(1267,0),(1270,0),(1273,0),(1276,0),(1279,1),(1282,0),(1285,0),(1288,0),(1291,0),(1294,1),(1297,0),(1300,0),(1303,0),(1306,0),(1309,0),(1312,0),(1315,0),(1318,0),(1321,0),(1324,0),(1327,0),(1330,0),(1333,0),(1336,0),(1339,0),(1342,0),(1345,1),(1348,0),(1351,0),(1354,0),(1357,2),(1360,0),(1363,0),(1366,0),(1369,1),(1372,0),(1375,0),(1378,0),(1381,0),(1384,0),(1387,0),(1390,0),(1393,0),(1396,0),(1399,0),(1402,0),(1405,0),(1408,1),(1411,0),(1414,0),(1417,0),(1420,1),(1423,0),(1426,0),(1429,0),(1432,0),(1435,0),(1438,0),(1441,0),(1444,0),(1447,0),(1450,0),(1453,0),(1456,0),(1459,0),(1462,0),(1465,0),(1468,0),(1471,0),(1474,0),(1477,0),(1480,0),(1483,0),(1486,0),(1489,0),(1492,1),(1495,0),(1498,0),(1501,0),(1504,0),(1507,0),(1510,0),(1513,0),(1516,0),(1519,0),(1522,0),(1525,0),(1528,0),(1531,0),(1534,0),(1537,0),(1540,0),(1543,0),(1546,0),(1549,0),(1552,0),(1555,0),(1558,0),(1561,0),(1564,0),(1567,0),(1570,0),(1573,0),(1576,0),(1579,0),(1582,0),(1585,0),(1588,0),(1591,0),(1594,0),(1597,0),(1600,0),(1603,0),(1606,0),(1609,0),(1612,0),(1615,0),(1618,0),(1621,0),(1624,0),(1627,0),(1630,0),(1633,0),(1636,0),(1639,0),(1642,0),(1645,0),(1648,0),(1651,0),(1654,0),(1657,0),(1660,0),(1663,0),(1666,0),(1669,0),(1672,0),(1675,0),(1678,0),(1681,0),(1684,0),(1687,0),(1690,0),(1693,0),(1696,0),(1699,0),(1702,0),(1705,0),(1708,0),(1711,0),(1714,0),(1717,0),(1720,0),(1723,0),(1726,0),(1729,0),(1732,0),(1735,0),(1738,0),(1741,0),(1744,0),(1747,0),(1750,0),(1753,0),(1756,0),(1759,0),(1762,0),(1765,0),(1768,0),(1771,0),(1774,0),(1777,0),(1780,0),(1783,0),(1786,0),(1789,0),(1792,0),(1795,0),(1798,0),(1801,0),(1804,0),(1807,0),(1810,0),(1813,0),(1816,0),(1819,0),(1822,0),(1825,0),(1828,0),(1831,0),(1834,0),(1837,0),(1840,0),(1843,0),(1846,0),(1849,0),(1852,0),(1855,0),(1858,0),(1861,0),(1864,0),(1867,0),(1870,0),(1873,0),(1876,0),(1879,0),(1882,0),(1885,0),(1888,0),(1891,0),(1894,0),(1897,0),(1900,0),(1903,0),(1906,0),(1909,0),(1912,0),(1915,0),(1918,0),(1921,0),(1924,0),(1927,0),(1930,0),(1933,0),(1936,0),(1939,0),(1942,0),(1945,0),(1948,0),(1951,0),(1954,0),(1957,0),(1960,0),(1963,0),(1966,0),(1969,0),(1972,0),(1975,0),(1978,0),(1981,0),(1984,0),(1987,0),(1990,0),(1993,0),(1996,0),(1999,0)]
   loss freq.s: [(38,0),(39,0),(40,176),(41,0),(42,0),(43,559),(44,0),(45,0),(46,1434),(47,0),(48,0),(49,2623),(50,0),(51,0),(52,4392),(53,0),(54,0),(55,6398),(56,0),(57,0),(58,8786),(59,0),(60,0),(61,11307),(62,0),(63,0),(64,14086),(65,0),(66,0),(67,17144),(68,0),(69,0),(70,19745),(71,0),(72,0),(73,21324),(74,0),(75,0),(76,23010),(77,0),(78,0),(79,24410),(80,0),(81,0),(82,25637),(83,0),(84,0),(85,26523),(86,0),(87,0),(88,27456),(89,0),(90,0),(91,27766),(92,0),(93,0),(94,27724),(95,0),(96,0),(97,27501),(98,0),(99,0),(100,26901),(101,0),(102,0),(103,26005),(104,0),(105,0),(106,25843),(107,0),(108,0),(109,25245),(110,0),(111,0),(112,24934),(113,0),(114,0),(115,23872),(116,0),(117,0),(118,22728),(119,0),(120,0),(121,22113),(122,0),(123,0),(124,21217),(125,0),(126,0),(127,20431),(128,0),(129,0),(130,19581),(131,0),(132,0),(133,18943),(134,0),(135,0),(136,17869),(137,0),(138,0),(139,16879),(140,0),(141,0),(142,16126),(143,0),(144,0),(145,15497),(146,0),(147,0),(148,14823),(149,0),(150,0),(151,13995),(152,0),(153,0),(154,13300),(155,0),(156,0),(157,12658),(158,0),(159,0),(160,11783),(161,0),(162,0),(163,11357),(164,0),(165,0),(166,10807),(167,0),(168,0),(169,10431),(170,0),(171,0),(172,9776),(173,0),(174,0),(175,9361),(176,0),(177,0),(178,8677),(179,0),(180,0),(181,8319),(182,0),(183,0),(184,7960),(185,0),(186,0),(187,7692),(188,0),(189,0),(190,7273),(191,0),(192,0),(193,6730),(194,0),(195,0),(196,6251),(197,0),(198,0),(199,6143),(200,0),(201,0),(202,5873),(203,0),(204,0),(205,5599),(206,0),(207,0),(208,5364),(209,0),(210,0),(211,5030),(212,0),(213,0),(214,4808),(215,0),(216,0),(217,4506),(218,0),(219,0),(220,4375),(221,0),(222,0),(223,4157),(224,0),(225,0),(226,4005),(227,0),(228,0),(229,3709),(230,0),(231,0),(232,3431),(233,0),(234,0),(235,3412),(236,0),(237,0),(238,3283),(239,0),(240,0),(241,3051),(242,0),(243,0),(244,2950),(245,0),(246,0),(247,2846),(248,0),(249,0),(250,2625),(251,0),(252,0),(253,2482),(254,0),(255,0),(256,2351),(257,0),(258,0),(259,2302),(260,0),(261,0),(262,2155),(263,0),(264,0),(265,2072),(266,0),(267,0),(268,1982),(269,0),(270,0),(271,1890),(272,0),(273,0),(274,1918),(275,0),(276,0),(277,1733),(278,0),(279,0),(280,1696),(281,0),(282,0),(283,1658),(284,0),(285,0),(286,1557),(287,0),(288,0),(289,1430),(290,0),(291,0),(292,1405),(293,0),(294,0),(295,1307),(296,0),(297,0),(298,1307),(299,0),(300,0),(301,1235),(302,0),(303,0),(304,1236),(305,0),(306,0),(307,1136),(308,0),(309,0),(310,1085),(311,0),(312,0),(313,994),(314,0),(315,0),(316,981),(317,0),(318,0),(319,955),(320,0),(321,0),(322,933),(323,0),(324,0),(325,954),(326,0),(327,0),(328,881),(329,0),(330,0),(331,773),(332,0),(333,0),(334,787),(335,0),(336,0),(337,734),(338,0),(339,0),(340,736),(341,0),(342,0),(343,701),(344,0),(345,0),(346,658),(347,0),(348,0),(349,691),(350,0),(351,0),(352,584),(353,0),(354,0),(355,620),(356,0),(357,0),(358,595),(359,0),(360,0),(361,583),(362,0),(363,0),(364,567),(365,0),(366,0),(367,474),(368,0),(369,0),(370,519),(371,0),(372,0),(373,492),(374,0),(375,0),(376,425),(377,0),(378,0),(379,460),(380,0),(381,0),(382,443),(383,0),(384,0),(385,426),(386,0),(387,0),(388,399),(389,0),(390,0),(391,432),(392,0),(393,0),(394,364),(395,0),(396,0),(397,326),(398,0),(399,0),(400,371),(401,0),(402,0),(403,331),(404,0),(405,0),(406,331),(407,0),(408,0),(409,306),(410,0),(411,0),(412,297),(413,0),(414,0),(415,280),(416,0),(417,0),(418,289),(419,0),(420,0),(421,286),(422,0),(423,0),(424,260),(425,0),(426,0),(427,258),(428,0),(429,0),(430,259),(431,0),(432,0),(433,244),(434,0),(435,0),(436,236),(437,0),(438,0),(439,210),(440,0),(441,0),(442,236),(443,0),(444,0),(445,204),(446,0),(447,0),(448,217),(449,0),(450,0),(451,184),(452,0),(453,0),(454,175),(455,0),(456,0),(457,191),(458,0),(459,0),(460,203),(461,0),(462,0),(463,193),(464,0),(465,0),(466,184),(467,0),(468,0),(469,169),(470,0),(471,0),(472,152),(473,0),(474,0),(475,171),(476,0),(477,0),(478,145),(479,0),(480,0),(481,124),(482,0),(483,0),(484,163),(485,0),(486,0),(487,118),(488,0),(489,0),(490,118),(491,0),(492,0),(493,105),(494,0),(495,0),(496,125),(497,0),(498,0),(499,131),(500,0),(501,0),(502,112),(503,0),(504,0),(505,108),(506,0),(507,0),(508,143),(509,0),(510,0),(511,94),(512,0),(513,0),(514,102),(515,0),(516,0),(517,93),(518,0),(519,0),(520,103),(521,0),(522,0),(523,107),(524,0),(525,0),(526,86),(527,0),(528,0),(529,78),(530,0),(531,0),(532,70),(533,0),(534,0),(535,84),(536,0),(537,0),(538,83),(539,0),(540,0),(541,88),(542,0),(543,0),(544,70),(545,0),(546,0),(547,85),(548,0),(549,0),(550,73),(551,0),(552,0),(553,72),(554,0),(555,0),(556,69),(557,0),(558,0),(559,62),(560,0),(561,0),(562,56),(563,0),(564,0),(565,57),(566,0),(567,0),(568,53),(569,0),(570,0),(571,65),(572,0),(573,0),(574,59),(575,0),(576,0),(577,54),(578,0),(579,0),(580,71),(581,0),(582,0),(583,50),(584,0),(585,0),(586,58),(587,0),(588,0),(589,46),(590,0),(591,0),(592,44),(593,0),(594,0),(595,44),(596,0),(597,0),(598,40),(599,0),(600,0),(601,43),(602,0),(603,0),(604,48),(605,0),(606,0),(607,54),(608,0),(609,0),(610,35),(611,0),(612,0),(613,52),(614,0),(615,0),(616,41),(617,0),(618,0),(619,42),(620,0),(621,0),(622,37),(623,0),(624,0),(625,35),(626,0),(627,0),(628,37),(629,0),(630,0),(631,40),(632,0),(633,0),(634,32),(635,0),(636,0),(637,38),(638,0),(639,0),(640,32),(641,0),(642,0),(643,29),(644,0),(645,0),(646,32),(647,0),(648,0),(649,36),(650,0),(651,0),(652,22),(653,0),(654,0),(655,35),(656,0),(657,0),(658,32),(659,0),(660,0),(661,36),(662,0),(663,0),(664,31),(665,0),(666,0),(667,26),(668,0),(669,0),(670,27),(671,0),(672,0),(673,26),(674,0),(675,0),(676,24),(677,0),(678,0),(679,35),(680,0),(681,0),(682,10),(683,0),(684,0),(685,27),(686,0),(687,0),(688,24),(689,0),(690,0),(691,18),(692,0),(693,0),(694,23),(695,0),(696,0),(697,23),(698,0),(699,0),(700,20),(701,0),(702,0),(703,19),(704,0),(705,0),(706,19),(707,0),(708,0),(709,17),(710,0),(711,0),(712,13),(713,0),(714,0),(715,15),(716,0),(717,0),(718,20),(719,0),(720,0),(721,15),(722,0),(723,0),(724,13),(725,0),(726,0),(727,17),(728,0),(729,0),(730,13),(731,0),(732,0),(733,12),(734,0),(735,0),(736,13),(737,0),(738,0),(739,14),(740,0),(741,0),(742,7),(743,0),(744,0),(745,14),(746,0),(747,0),(748,11),(749,0),(750,0),(751,10),(752,0),(753,0),(754,11),(755,0),(756,0),(757,11),(758,0),(759,0),(760,9),(761,0),(762,0),(763,9),(764,0),(765,0),(766,7),(767,0),(768,0),(769,11),(770,0),(771,0),(772,18),(773,0),(774,0),(775,9),(776,0),(777,0),(778,11),(779,0),(780,0),(781,13),(782,0),(783,0),(784,10),(785,0),(786,0),(787,11),(788,0),(789,0),(790,8),(791,0),(792,0),(793,10),(794,0),(795,0),(796,5),(797,0),(798,0),(799,8),(800,0),(801,0),(802,7),(803,0),(804,0),(805,10),(806,0),(807,0),(808,7),(809,0),(810,0),(811,15),(812,0),(813,0),(814,6),(815,0),(816,0),(817,12),(818,0),(819,0),(820,7),(821,0),(822,0),(823,6),(824,0),(825,0),(826,8),(827,0),(828,0),(829,8),(830,0),(831,0),(832,16),(833,0),(834,0),(835,10),(836,0),(837,0),(838,5),(839,0),(840,0),(841,7),(842,0),(843,0),(844,3),(845,0),(846,0),(847,5),(848,0),(849,0),(850,4),(851,0),(852,0),(853,7),(854,0),(855,0),(856,3),(857,0),(858,0),(859,10),(860,0),(861,0),(862,4),(863,0),(864,0),(865,7),(866,0),(867,0),(868,4),(869,0),(870,0),(871,9),(872,0),(873,0),(874,9),(875,0),(876,0),(877,4),(878,0),(879,0),(880,3),(881,0),(882,0),(883,3),(884,0),(885,0),(886,5),(887,0),(888,0),(889,1),(890,0),(891,0),(892,3),(893,0),(894,0),(895,7),(896,0),(897,0),(898,6),(899,0),(900,0),(901,4),(902,0),(903,0),(904,2),(905,0),(906,0),(907,2),(908,0),(909,0),(910,5),(911,0),(912,0),(913,2),(914,0),(915,0),(916,3),(917,0),(918,0),(919,4),(920,0),(921,0),(922,2),(923,0),(924,0),(925,4),(926,0),(927,0),(928,3),(929,0),(930,0),(931,2),(932,0),(933,0),(934,2),(935,0),(936,0),(937,3),(938,0),(939,0),(940,1),(941,0),(942,0),(943,2),(944,0),(945,0),(946,4),(947,0),(948,0),(949,4),(950,0),(951,0),(952,6),(953,0),(954,0),(955,3),(956,0),(957,0),(958,2),(959,0),(960,0),(961,3),(962,0),(963,0),(964,2),(965,0),(966,0),(967,1),(968,0),(969,0),(970,1),(971,0),(972,0),(973,3),(974,0),(975,0),(976,2),(977,0),(978,0),(979,2),(980,0),(981,0),(982,4),(983,0),(984,0),(985,4),(986,0),(987,0),(988,2),(989,0),(990,0),(991,0),(992,0),(993,0),(994,1),(995,0),(996,0),(997,2),(998,0),(999,0),(1000,1),(1001,0),(1002,0),(1003,3),(1004,0),(1005,0),(1006,3),(1007,0),(1008,0),(1009,1),(1010,0),(1011,0),(1012,1),(1013,0),(1014,0),(1015,1),(1016,0),(1017,0),(1018,1),(1019,0),(1020,0),(1021,5),(1022,0),(1023,0),(1024,1),(1025,0),(1026,0),(1027,2),(1028,0),(1029,0),(1030,2),(1031,0),(1032,0),(1033,1),(1034,0),(1035,0),(1036,2),(1037,0),(1038,0),(1039,6),(1040,0),(1041,0),(1042,2),(1043,0),(1044,0),(1045,1),(1046,0),(1047,0),(1048,3),(1049,0),(1050,0),(1051,2),(1052,0),(1053,0),(1054,1),(1055,0),(1056,0),(1057,1),(1058,0),(1059,0),(1060,1),(1061,0),(1062,0),(1063,0),(1064,0),(1065,0),(1066,0),(1067,0),(1068,0),(1069,3),(1070,0),(1071,0),(1072,1),(1073,0),(1074,0),(1075,1),(1076,0),(1077,0),(1078,0),(1079,0),(1080,0),(1081,1),(1082,0),(1083,0),(1084,2),(1085,0),(1086,0),(1087,1),(1088,0),(1089,0),(1090,1),(1091,0),(1092,0),(1093,0),(1094,0),(1095,0),(1096,0),(1097,0),(1098,0),(1099,0),(1100,0),(1101,0),(1102,0),(1103,0),(1104,0),(1105,0),(1106,0),(1107,0),(1108,1),(1109,0),(1110,0),(1111,0),(1112,0),(1113,0),(1114,0),(1115,0),(1116,0),(1117,2),(1118,0),(1119,0),(1120,0),(1121,0),(1122,0),(1123,1),(1124,0),(1125,0),(1126,1),(1127,0),(1128,0),(1129,0),(1130,0),(1131,0),(1132,0),(1133,0),(1134,0),(1135,1),(1136,0),(1137,0),(1138,2),(1139,0),(1140,0),(1141,0),(1142,0),(1143,0),(1144,0),(1145,0),(1146,0),(1147,1),(1148,0),(1149,0),(1150,0),(1151,0),(1152,0),(1153,1),(1154,0),(1155,0),(1156,0),(1157,0),(1158,0),(1159,1),(1160,0),(1161,0),(1162,1),(1163,0),(1164,0),(1165,1),(1166,0),(1167,0),(1168,0),(1169,0),(1170,0),(1171,1),(1172,0),(1173,0),(1174,2),(1175,0),(1176,0),(1177,0),(1178,0),(1179,0),(1180,1),(1181,0),(1182,0),(1183,0),(1184,0),(1185,0),(1186,0),(1187,0),(1188,0),(1189,0),(1190,0),(1191,0),(1192,0),(1193,0),(1194,0),(1195,0),(1196,0),(1197,0),(1198,1),(1199,0),(1200,0),(1201,0),(1202,0),(1203,0),(1204,1),(1205,0),(1206,0),(1207,0),(1208,0),(1209,0),(1210,1),(1211,0),(1212,0),(1213,0),(1214,0),(1215,0),(1216,1),(1217,0),(1218,0),(1219,0),(1220,0),(1221,0),(1222,0),(1223,0),(1224,0),(1225,0),(1226,0),(1227,0),(1228,0),(1229,0),(1230,0),(1231,2),(1232,0),(1233,0),(1234,0),(1235,0),(1236,0),(1237,0),(1238,0),(1239,0),(1240,0),(1241,0),(1242,0),(1243,1),(1244,0),(1245,0),(1246,0),(1247,0),(1248,0),(1249,0),(1250,0),(1251,0),(1252,1),(1253,0),(1254,0),(1255,0),(1256,0),(1257,0),(1258,0),(1259,0),(1260,0),(1261,0),(1262,0),(1263,0),(1264,0),(1265,0),(1266,0),(1267,0),(1268,0),(1269,0),(1270,0),(1271,0),(1272,0),(1273,0),(1274,0),(1275,0),(1276,0),(1277,0),(1278,0),(1279,0),(1280,0),(1281,0),(1282,1),(1283,0),(1284,0),(1285,0),(1286,0),(1287,0),(1288,0),(1289,0),(1290,0),(1291,0),(1292,0),(1293,0),(1294,0),(1295,0),(1296,0),(1297,1),(1298,0),(1299,0),(1300,0),(1301,0),(1302,0),(1303,1),(1304,0),(1305,0),(1306,0),(1307,0),(1308,0),(1309,0),(1310,0),(1311,0),(1312,0),(1313,0),(1314,0),(1315,0),(1316,0),(1317,0),(1318,0),(1319,0),(1320,0),(1321,0),(1322,0),(1323,0),(1324,0),(1325,0),(1326,0),(1327,0),(1328,0),(1329,0),(1330,0),(1331,0),(1332,0),(1333,0),(1334,0),(1335,0),(1336,0),(1337,0),(1338,0),(1339,0),(1340,0),(1341,0),(1342,0),(1343,0),(1344,0),(1345,0),(1346,0),(1347,0),(1348,0),(1349,0),(1350,0),(1351,1),(1352,0),(1353,0),(1354,0),(1355,0),(1356,0),(1357,0),(1358,0),(1359,0),(1360,0),(1361,0),(1362,0),(1363,0),(1364,0),(1365,0),(1366,0),(1367,0),(1368,0),(1369,0),(1370,0),(1371,0),(1372,0),(1373,0),(1374,0),(1375,0),(1376,0),(1377,0),(1378,0),(1379,0),(1380,0),(1381,0),(1382,0),(1383,0),(1384,0),(1385,0),(1386,0),(1387,1),(1388,0),(1389,0),(1390,0),(1391,0),(1392,0),(1393,0),(1394,0),(1395,0),(1396,0),(1397,0),(1398,0),(1399,0),(1400,0),(1401,0),(1402,0),(1403,0),(1404,0),(1405,0),(1406,0),(1407,0),(1408,0),(1409,0),(1410,0),(1411,0),(1412,0),(1413,0),(1414,0),(1415,0),(1416,0),(1417,0),(1418,0),(1419,0),(1420,0),(1421,0),(1422,0),(1423,0),(1424,0),(1425,0),(1426,0),(1427,0),(1428,0),(1429,0),(1430,0),(1431,0),(1432,0),(1433,0),(1434,0),(1435,0),(1436,0),(1437,0),(1438,0),(1439,0),(1440,0),(1441,0),(1442,0),(1443,0),(1444,0),(1445,0),(1446,0),(1447,1),(1448,0),(1449,0),(1450,0),(1451,0),(1452,0),(1453,1),(1454,0),(1455,0),(1456,1),(1457,0),(1458,0),(1459,0),(1460,0),(1461,0),(1462,0),(1463,0),(1464,0),(1465,0),(1466,0),(1467,0),(1468,0),(1469,0),(1470,0),(1471,0),(1472,0),(1473,0),(1474,0),(1475,0),(1476,0),(1477,0),(1478,0),(1479,0),(1480,1),(1481,0),(1482,0),(1483,0),(1484,0),(1485,0),(1486,0),(1487,0),(1488,0),(1489,0),(1490,0),(1491,0),(1492,0),(1493,0),(1494,0),(1495,0),(1496,0),(1497,0),(1498,0),(1499,0),(1500,0),(1501,0),(1502,0),(1503,0),(1504,0),(1505,0),(1506,0),(1507,0),(1508,0),(1509,0),(1510,0),(1511,0),(1512,0),(1513,0),(1514,0),(1515,0),(1516,0),(1517,0),(1518,0),(1519,0),(1520,0),(1521,0),(1522,0),(1523,0),(1524,0),(1525,0),(1526,0),(1527,0),(1528,0),(1529,0),(1530,0),(1531,0),(1532,0),(1533,0),(1534,0),(1535,0),(1536,0),(1537,0),(1538,0),(1539,0),(1540,0),(1541,0),(1542,0),(1543,0),(1544,0),(1545,0),(1546,0),(1547,0),(1548,0),(1549,0),(1550,0),(1551,0),(1552,0),(1553,0),(1554,0),(1555,1),(1556,0),(1557,0),(1558,0),(1559,0),(1560,0),(1561,0),(1562,0),(1563,0),(1564,0),(1565,0),(1566,0),(1567,0),(1568,0),(1569,0),(1570,0),(1571,0),(1572,0),(1573,0),(1574,0),(1575,0),(1576,0),(1577,0),(1578,0),(1579,0),(1580,0),(1581,0),(1582,0),(1583,0),(1584,0),(1585,0),(1586,0),(1587,0),(1588,0),(1589,0),(1590,0),(1591,0),(1592,0),(1593,0),(1594,0),(1595,0),(1596,0),(1597,0),(1598,0),(1599,0),(1600,0),(1601,0),(1602,0),(1603,0),(1604,0),(1605,0),(1606,0),(1607,0),(1608,0),(1609,0),(1610,0),(1611,0),(1612,0),(1613,0),(1614,0),(1615,0),(1616,0),(1617,0),(1618,0),(1619,0),(1620,0),(1621,0),(1622,0),(1623,0),(1624,0),(1625,0),(1626,0),(1627,0),(1628,0),(1629,0),(1630,0),(1631,0),(1632,0),(1633,0),(1634,0),(1635,0),(1636,0),(1637,0),(1638,0),(1639,0),(1640,0),(1641,0),(1642,0),(1643,0),(1644,0),(1645,0),(1646,0),(1647,0),(1648,0),(1649,0),(1650,0),(1651,0),(1652,0),(1653,0),(1654,0),(1655,0),(1656,0),(1657,0),(1658,0),(1659,0),(1660,0),(1661,0),(1662,0),(1663,0),(1664,0),(1665,0),(1666,0),(1667,0),(1668,0),(1669,0),(1670,0),(1671,0),(1672,0),(1673,0),(1674,0),(1675,0),(1676,0),(1677,0),(1678,0),(1679,0),(1680,0),(1681,0),(1682,0),(1683,0),(1684,0),(1685,0),(1686,0),(1687,0),(1688,0),(1689,0),(1690,0),(1691,0),(1692,0),(1693,0),(1694,0),(1695,0),(1696,0),(1697,0),(1698,0),(1699,0),(1700,0),(1701,0),(1702,0),(1703,0),(1704,0),(1705,0),(1706,0),(1707,0),(1708,0),(1709,0),(1710,0),(1711,0),(1712,0),(1713,0),(1714,0),(1715,0),(1716,0),(1717,0),(1718,0),(1719,0),(1720,0),(1721,0),(1722,0),(1723,0),(1724,0),(1725,0),(1726,0),(1727,0),(1728,0),(1729,0),(1730,0),(1731,0),(1732,0),(1733,0),(1734,0),(1735,0),(1736,0),(1737,0),(1738,0),(1739,0),(1740,0),(1741,0),(1742,0),(1743,0),(1744,0),(1745,0),(1746,0),(1747,0),(1748,0),(1749,0),(1750,0),(1751,0),(1752,0),(1753,0),(1754,0),(1755,0),(1756,0),(1757,0),(1758,0),(1759,0),(1760,0),(1761,0),(1762,0),(1763,0),(1764,0),(1765,0),(1766,0),(1767,0),(1768,0),(1769,0),(1770,0),(1771,0),(1772,0),(1773,0),(1774,0),(1775,0),(1776,0),(1777,0),(1778,0),(1779,0),(1780,0),(1781,0),(1782,0),(1783,0),(1784,0),(1785,0),(1786,0),(1787,0),(1788,0),(1789,0),(1790,0),(1791,0),(1792,0),(1793,0),(1794,0),(1795,0),(1796,0),(1797,0),(1798,0),(1799,0),(1800,0),(1801,0),(1802,0),(1803,0),(1804,0),(1805,0),(1806,0),(1807,0),(1808,0),(1809,0),(1810,0),(1811,0),(1812,0),(1813,0),(1814,0),(1815,0),(1816,0),(1817,0),(1818,0),(1819,0),(1820,0),(1821,0),(1822,0),(1823,0),(1824,0),(1825,0),(1826,0),(1827,0),(1828,0),(1829,0),(1830,0),(1831,0),(1832,0),(1833,0),(1834,0),(1835,0),(1836,0),(1837,0),(1838,0),(1839,0),(1840,0),(1841,0),(1842,0),(1843,0),(1844,0),(1845,0),(1846,0),(1847,0),(1848,0),(1849,0),(1850,0),(1851,0),(1852,0),(1853,0),(1854,0),(1855,0),(1856,0),(1857,0),(1858,0),(1859,0),(1860,0),(1861,0),(1862,0),(1863,0),(1864,0),(1865,0),(1866,0),(1867,0),(1868,0),(1869,0),(1870,0),(1871,0),(1872,0),(1873,0),(1874,0),(1875,0),(1876,0),(1877,0),(1878,0),(1879,0),(1880,0),(1881,0),(1882,0),(1883,0),(1884,0),(1885,0),(1886,0),(1887,0),(1888,0),(1889,0),(1890,0),(1891,0),(1892,0),(1893,0),(1894,0),(1895,0),(1896,0),(1897,0),(1898,0),(1899,0),(1900,0),(1901,0),(1902,0),(1903,0),(1904,0),(1905,0),(1906,0),(1907,0),(1908,0),(1909,0),(1910,0),(1911,0),(1912,0),(1913,0),(1914,0),(1915,0),(1916,0),(1917,0),(1918,0),(1919,0),(1920,0),(1921,0),(1922,0),(1923,0),(1924,0),(1925,0),(1926,0),(1927,0),(1928,0),(1929,0),(1930,0),(1931,0),(1932,0),(1933,0),(1934,0),(1935,0),(1936,0),(1937,0),(1938,0),(1939,0),(1940,0),(1941,0),(1942,0),(1943,0),(1944,0),(1945,0),(1946,0),(1947,0),(1948,0),(1949,0),(1950,0),(1951,0),(1952,0),(1953,0),(1954,0),(1955,0),(1956,0),(1957,0),(1958,0),(1959,0),(1960,0),(1961,0),(1962,0),(1963,0),(1964,0),(1965,0),(1966,0),(1967,0),(1968,0),(1969,0),(1970,0),(1971,0),(1972,0),(1973,0),(1974,0),(1975,0),(1976,0),(1977,0),(1978,0),(1979,0),(1980,0),(1981,0),(1982,0),(1983,0),(1984,0),(1985,0),(1986,0),(1987,0),(1988,0),(1989,0),(1990,0),(1991,0),(1992,0),(1993,0),(1994,0),(1995,0),(1996,0),(1997,0),(1998,0),(1999,0),(2000,0)]

