out_10k_1.txt
  games played: 10000
winning
      (n,frac): (225,2.25e-2)
     (min,max): (46,952)
  (mean,stDev): (324.36,171.0345077963592)
losing
      (n,frac): (9736,0.9736)
     (min,max): (40,982)
  (mean,stDev): (137.1317789646672,73.83356950871597)
timeout
      (n,frac): (39,3.9e-3)
 win histogram: [0,0,0,0,0,0,0,0,0,0,0,0,0,2,1,0,0,1,0,0,1,0,2,1,0,1,1,0,0,1,0,0,3,1,1,3,1,3,0,0,0,0,2,0,3,0,0,2,1,1,2,2,2,1,2,3,1,2,1,1,1,3,0,2,1,7,0,1,2,1,1,2,1,0,1,0,2,2,0,4,2,0,1,2,3,2,4,1,1,3,0,3,1,1,1,1,3,0,2,3,3,3,0,7,0,1,1,1,2,2,3,0,0,2,2,1,3,2,3,2,0,2,0,2,1,2,1,1,1,0,2,1,3,1,0,1,2,0,2,0,1,0,0,2,1,0,1,2,0,0,0,1,3,2,0,1,0,1,1,1,0,0,1,1,0,1,0,0,0,0,1,0,0,1,1,0,0,0,1,0,1,0,0,3,1,0,1,0,1,0,1,1,0,0,0,0,0,0,0,0,0,0,0,1,1,0,1,0,0,1,0,0,0,1,0,1,0,0,1,0,0,0,0,0,0,0,1,0,0,0,0,0,0,1,0,0,0,1,0,0,1,0,0,0,1,0,0,0,0,0,0,0,1,0,1,0,0,0,1,1,0,0,0,0,0,0,0,1,0,0,0,0,0,0,0,0,0,0,0,0,0,0,0,0,0,0,0,0,0,0,0,0,0,0,0,0,0,0,0,0,0,0,0,0,0,0,0,0,0,0,0,0,0,0,0,1,0,0,0,0,0,0,0,0,0,0,0,0,0,0,0,0,0,0,0,0,0,0,0,0,0,0,0,0,0,0,0,0,0,0,0,0,0,0,0,0,0,0,0,0,0,0,0,0,0,0,0,0,0,0,0,0,0,0,0,0,0,0,0,0,0,0,0,0,0,0,0,0,0,0,0,0,0,0,0,0,0,0,0,0,0,0,0,0,0,0,0,0,0,0,0,0,0,0,0,0,0,0,0,0,0,0,0,0,0,0,0,0,0,0,0,0,0,0,0,0,0,0,0,0,0,0,0,0,0,0,0,0,0,0,0,0,0,0,0,0,0,0,0,0,0,0,0,0,0,0,0,0,0,0,0,0,0,0,0,0,0,0,0,0,0,0,0,0,0,0,0,0,0,0,0,0,0,0,0,0,0,0,0,0,0,0,0,0,0,0,0,0,0,0,0,0,0,0,0,0,0,0,0,0,0,0,0,0,0,0,0,0,0,0,0,0,0,0,0,0,0,0,0,0,0,0,0,0,0,0,0,0,0,0,0,0,0,0,0,0,0,0,0,0,0,0,0,0,0,0,0,0,0,0,0,0,0,0,0,0,0,0,0,0,0,0,0,0,0,0,0,0,0,0,0,0,0,0,0,0,0,0,0,0,0,0,0,0,0,0,0,0,0,0,0,0,0,0,0,0,0,0,0,0,0,0,0,0,0,0,0,0,0,0,0,0,0,0,0,0,0,0,0,0,0,0,0,0,0,0,0,0,0,0,0,0,0,0,0,0,0,0,0,0,0,0,0,0,0]
loss histogram: [0,0,0,0,0,0,0,0,0,0,0,1,6,9,28,38,61,103,118,152,166,199,219,210,250,256,262,284,292,266,292,278,242,242,219,254,231,226,197,232,226,215,212,188,169,141,157,156,145,153,111,101,132,114,93,96,93,93,100,79,107,71,65,59,69,56,47,51,38,37,44,43,35,34,39,33,26,19,32,23,31,35,25,21,29,13,22,20,27,31,15,21,13,21,18,12,11,9,10,11,11,5,7,10,12,8,10,6,11,5,12,8,10,6,5,6,5,4,2,3,3,3,5,2,3,4,9,4,3,2,2,1,2,2,4,4,2,3,1,2,3,2,2,5,4,2,0,2,4,2,1,2,1,3,2,2,1,1,1,0,2,0,1,1,3,3,1,1,2,1,0,1,0,1,0,3,1,2,0,0,2,0,1,1,0,0,1,1,0,2,1,1,1,1,0,0,0,1,0,1,0,0,1,3,0,0,0,0,0,1,0,1,0,1,0,0,0,0,2,0,0,0,2,0,0,1,0,1,0,0,0,0,0,0,0,0,0,1,1,0,0,1,0,0,0,0,1,0,0,0,0,0,0,0,0,0,0,0,0,0,0,0,0,0,0,0,0,0,0,1,0,0,0,0,0,0,0,0,0,0,0,0,0,0,1,0,0,0,1,0,0,0,0,0,0,1,0,0,0,0,0,0,0,0,0,0,0,0,0,0,0,0,0,0,0,0,0,0,0,0,0,0,0,0,0,1,0,0,0,0,0,0,0,0,0,0,0,0,0,0,0,0,0,0,0,0,0,0,0,0,0,0,0,0,0,0,0,0,0,0,0,0,0,0,0,0,0,0,0,0,0,0,0,0,0,0,0,0,0,0,0,0,0,0,0,0,0,0,0,0,0,0,0,0,0,0,0,0,0,0,0,0,0,0,0,0,0,0,0,0,0,0,0,0,0,0,0,0,0,0,0,0,0,0,0,0,0,0,0,0,0,0,0,0,0,0,0,0,0,0,0,0,0,0,0,0,0,0,0,0,0,0,0,0,0,0,0,0,0,0,0,0,0,0,0,0,0,0,0,0,0,0,0,0,0,0,0,0,0,0,0,0,0,0,0,0,0,0,0,0,0,0,0,0,0,0,0,0,0,0,0,0,0,0,0,0,0,0,0,0,0,0,0,0,0,0,0,0,0,0,0,0,0,0,0,0,0,0,0,0,0,0,0,0,0,0,0,0,0,0,0,0,0,0,0,0,0,0,0,0,0,0,0,0,0,0,0,0,0,0,0,0,0,0,0,0,0,0,0,0,0,0,0,0,0,0,0,0,0,0,0,0,0,0,0,0,0,0,0,0,0,0,0,0,0,0,0,0,0,0,0,0,0,0,0,0,0,0,0,0,0,0,0,0,0,0,0,0,0,0,0,0,0,0,0,0,0,0,0,0,0,0,0,0,0,0,0,0,0,0,0,0,0,0,0,0,0,0,0,0,0,0,0,0,0,0,0,0,0,0,0,0,0,0,0]

out_1M.txt
  games played: 1000000
winning
      (n,frac): (23338,2.3338e-2)
     (min,max): (7,1957)
  (mean,stDev): (321.94793898363184,175.88920141119246)
losing
      (n,frac): (972868,0.972868)
     (min,max): (37,1951)
  (mean,stDev): (137.4825988726117,73.62350200558889)
timeout
      (n,frac): (3794,3.794e-3)
 win histogram: [1,0,1,2,4,5,6,3,2,6,12,23,32,42,37,49,36,49,41,62,57,68,68,87,66,81,103,90,85,94,105,113,107,112,106,124,117,121,141,130,134,172,126,135,141,107,157,151,144,157,162,164,150,161,160,167,161,160,141,165,183,186,185,189,153,185,173,176,148,188,196,171,160,159,151,160,188,165,176,181,171,186,200,151,187,190,198,178,189,161,191,144,174,170,157,172,162,176,146,165,164,149,174,166,179,171,163,160,166,150,168,140,161,152,152,126,138,144,116,143,124,119,141,135,131,116,149,129,127,116,122,120,113,102,105,137,114,104,133,86,80,90,90,80,90,91,97,94,91,86,83,77,83,66,79,86,94,92,77,62,68,93,70,73,74,70,69,74,65,56,55,62,76,42,58,56,46,57,65,40,54,50,47,54,51,43,48,52,47,43,42,41,54,41,39,38,43,31,42,30,32,38,35,36,28,32,25,42,32,30,28,18,30,28,25,30,32,19,25,24,25,21,29,18,27,18,26,27,16,24,22,19,16,17,15,12,13,18,17,16,15,12,9,12,23,11,15,21,16,17,7,11,9,8,11,18,8,6,10,9,3,14,7,8,6,11,5,8,8,10,7,4,9,2,6,3,8,4,6,4,7,7,5,5,12,2,3,7,6,6,3,7,2,9,7,3,3,5,4,1,6,5,1,4,3,4,2,1,4,1,5,3,3,4,5,3,4,5,0,4,4,2,2,3,4,1,3,2,6,1,2,0,3,2,2,0,1,3,3,0,0,2,1,2,1,0,2,1,1,0,1,2,2,1,1,2,1,2,0,1,0,0,0,0,0,0,3,1,0,2,0,0,1,2,0,1,0,1,0,0,0,0,1,1,1,0,1,1,0,1,1,1,0,0,0,2,0,2,0,0,0,1,1,0,1,0,0,0,0,0,1,0,0,0,0,0,0,0,0,0,0,1,1,0,1,0,0,0,0,0,0,0,0,1,0,0,1,0,0,0,0,0,0,0,1,0,0,0,0,0,0,0,0,0,0,0,0,0,1,0,0,1,0,0,0,0,0,0,0,0,0,0,0,0,0,0,0,0,0,0,0,0,0,0,0,0,1,0,0,0,0,0,0,0,0,0,0,0,0,0,0,0,0,0,0,0,0,0,0,0,0,0,0,0,0,0,0,0,0,0,0,0,0,0,0,0,0,0,0,0,0,0,0,0,0,0,0,0,0,0,0,0,0,0,0,0,0,0,0,0,0,0,0,0,0,0,0,0,0,0,0,0,0,0,0,0,0,0,0,0,0,0,0,0,0,0,0,1,0,0,0,0,0,0,0,0,0,0,0,0,0,0,0,0,0,0,0,0,0,0,0,0,0,0,0,0,0,0,0,0,0,0,0,0,0,0,0,0,0,0,0,0,0,0,0,0,0,0,0,0,0,0,0,0,0,0,0,0,0,0,0,0,0,0,0,0,0,0,0,0,1,0,0,0,0,0,0,0,0,0,0,0,0,0,0]
loss histogram: [0,0,0,0,0,0,0,0,0,0,31,175,553,1406,2671,4409,6350,8576,11386,14056,16977,19934,21360,22840,24549,25812,26891,27601,28165,27440,27554,26960,26180,25756,25475,24910,23609,22731,21878,20899,20212,19577,19039,17678,17026,16027,15332,14601,14200,13393,12624,11835,11448,10953,10492,9629,9312,8872,8135,7889,7660,7073,6787,6494,6078,5837,5757,5332,5173,4815,4561,4331,4137,3940,3702,3545,3474,3189,3032,2817,2772,2554,2626,2519,2366,2177,2029,1965,1907,1772,1764,1692,1638,1588,1513,1437,1358,1329,1236,1207,1110,1042,1083,960,1003,924,851,832,801,757,761,714,734,675,637,642,655,560,533,528,580,508,474,456,438,444,408,431,403,353,372,377,337,323,326,260,306,295,290,298,275,255,235,248,224,212,230,225,174,183,195,174,169,171,143,164,139,150,130,143,143,132,127,112,114,116,107,112,117,104,99,94,94,89,81,93,82,86,58,69,71,69,68,67,78,70,60,61,59,72,51,54,37,54,53,46,51,42,45,43,45,46,44,48,25,35,47,41,37,34,35,23,46,23,31,30,33,31,22,15,31,31,27,36,20,25,21,20,30,23,17,25,21,13,20,14,15,12,14,16,12,12,20,12,10,16,12,9,12,14,14,8,5,16,11,13,10,14,13,12,15,8,13,9,9,6,12,7,7,5,10,7,5,3,8,3,5,9,4,6,5,4,4,5,7,4,6,6,6,7,3,4,6,2,4,3,5,5,7,4,1,5,4,3,6,6,3,6,3,5,4,1,3,0,4,2,1,2,1,1,2,1,4,0,2,2,0,1,3,1,3,2,0,2,0,3,0,1,4,0,1,3,1,2,1,2,0,3,3,2,1,3,1,1,1,0,0,0,2,2,1,0,2,2,3,0,2,2,0,1,1,0,0,1,1,1,0,0,1,1,0,0,0,0,0,1,2,0,0,1,0,0,0,0,1,0,1,1,0,1,2,0,0,0,0,0,0,0,0,1,0,1,0,0,0,0,0,0,1,1,0,0,0,0,0,0,0,0,1,0,0,0,0,0,0,1,0,0,0,0,0,0,0,0,0,0,0,1,0,0,0,0,0,0,0,0,0,1,0,0,0,0,0,0,0,0,0,0,0,0,0,1,0,0,0,0,0,0,0,0,0,0,0,0,0,0,0,0,0,0,0,0,0,0,0,0,0,0,0,0,0,0,0,0,0,0,1,0,0,0,0,0,0,0,0,0,0,0,0,0,0,0,0,0,0,0,0,0,0,0,0,0,0,0,0,0,0,0,0,0,0,0,0,0,0,0,0,0,0,0,0,1,0,0,0,0,0,0,0,0,0,0,0,0,0,0,0,0,0,0,0,0,0,0,0,0,0,0,0,0,0,0,0,0,0,0,0,0,0,0,0,0,0,0,0,0,0,0,0,0,0,0,0,0,0,0,0,0,0,0,0,0,0,0,0,0,0,0,0,0,0,0,0,0,0,0,0,0,0,0,0,0,0,0,0,0,0,0,0,0,0,0,0,0,0,0,0,0,1,0,0,0,0,0,0,0,0,0,0,0,0,0,0,0,0]

out_40M.txt
  games played: 40000000
winning
      (n,frac): (932032,2.33008e-2)
     (min,max): (7,1939)
  (mean,stDev): (321.8357813894802,174.27604783675375)
losing
      (n,frac): (38915507,0.972887675)
     (min,max): (37,1990)
  (mean,stDev): (137.51035693817377,73.598231819822)
timeout
      (n,frac): (152461,3.811525e-3)
 win histogram: [5,12,33,58,81,102,135,190,206,237,814,1309,1451,1559,1648,1761,1870,1872,1979,2179,2342,2496,2742,2987,3153,3469,3792,3660,3672,3823,3897,4154,4253,4432,4557,4762,4839,5004,5033,5113,5264,5377,5304,5552,5609,5621,5693,5828,5946,5908,6057,6208,6312,6425,6299,6408,6514,6613,6560,6571,6608,6671,6843,6863,6770,6751,6936,6780,6801,6943,6922,6894,6880,7075,7004,7191,7004,7110,7170,7113,6889,6924,7101,6809,6870,7103,6942,6977,6835,7096,6756,6804,6705,6711,6898,6722,6646,6637,6712,6507,6536,6551,6277,6407,6341,6119,6238,6169,6239,6210,6233,6174,5853,5815,5821,5857,5800,5589,5581,5496,5425,5448,5426,5290,5211,5163,5150,5004,5035,4996,4834,4749,4708,4568,4646,4448,4430,4468,4438,4186,4306,4045,4108,3929,4036,3934,3942,3706,3698,3759,3648,3657,3451,3438,3426,3312,3393,3245,3146,3194,3071,2991,2906,2847,2803,2780,2762,2717,2536,2660,2520,2410,2405,2369,2426,2225,2304,2250,2185,2142,2130,1987,2164,1987,1957,1885,1865,1744,1807,1779,1679,1640,1562,1696,1574,1505,1463,1449,1458,1397,1304,1320,1288,1310,1347,1265,1227,1213,1163,1169,1125,1095,1047,1096,1031,967,970,945,934,985,889,839,875,847,862,826,777,764,797,741,763,723,676,711,621,617,637,629,545,591,597,560,527,566,553,516,458,510,501,470,485,470,446,421,454,383,378,396,359,402,334,389,341,350,295,342,307,319,302,309,296,270,285,269,263,276,265,258,235,266,231,218,203,211,195,220,199,196,170,166,168,185,173,164,191,147,159,171,166,154,153,136,154,143,132,144,133,119,129,116,119,119,105,128,104,95,86,107,89,74,83,91,93,85,81,91,85,83,94,85,63,76,75,51,62,61,74,52,50,47,46,45,62,56,50,57,50,59,48,51,37,39,51,57,42,36,33,30,34,43,47,32,33,38,30,39,34,32,20,17,30,31,37,19,22,19,26,27,27,16,27,14,22,23,24,10,24,11,22,23,21,13,18,7,14,17,15,12,19,12,9,14,9,8,16,14,10,21,18,20,13,7,9,11,15,13,11,6,11,7,9,7,7,10,7,10,8,8,8,4,8,5,7,4,6,10,7,5,7,7,6,7,8,5,5,2,5,0,6,4,3,5,5,4,10,6,4,3,4,7,5,3,6,2,3,1,3,4,3,0,1,3,1,5,1,3,4,3,4,1,2,5,0,2,3,1,1,2,0,1,1,0,0,2,1,0,2,1,1,1,1,0,3,0,0,0,1,0,1,5,1,2,1,1,0,2,0,2,1,0,0,1,2,1,1,0,0,0,0,0,0,1,0,1,0,0,2,1,0,1,0,1,0,0,1,0,0,0,1,0,1,0,0,0,0,0,0,0,0,0,0,0,2,0,1,0,0,1,0,0,0,0,0,0,0,0,0,0,0,0,1,0,0,0,0,0,0,0,0,0,0,0,0,0,0,0,0,1,0,0,0,0,0,1,0,0,0,1,0,0,0,0,0,0,0,0,0,0,0,0,0,0,0,0,0,0,0,0,0,0,0,0,0,0,0,0,0,0,0,0,0,0,0,0,1,0,0,0,0,0,0,0,0,0,0,0,0,0,0,0,0,0,0,0,0]
loss histogram: [0,0,0,0,0,0,0,0,0,0,1286,7360,23350,54702,106195,174748,254136,347870,456670,566577,680039,788782,853614,914529,984140,1030752,1062541,1096264,1116152,1102612,1094907,1076395,1050962,1032395,1015935,998767,960427,913749,873335,839625,811132,785831,756806,713449,673704,644827,615939,588264,564405,535701,505412,478772,454639,434561,415453,394485,372563,352733,333560,317923,303447,287494,273386,258747,246031,234332,222578,210633,200111,191141,181251,173205,164145,156715,148190,141040,134466,129465,122686,116838,111099,106002,101362,96638,92621,88586,84172,80436,76516,72815,69935,67103,64263,61687,58948,56107,54110,51979,49690,47625,46034,43706,42246,40154,38634,37344,35654,34250,32962,31786,30583,29367,28283,27062,26272,25150,24167,23152,22206,21398,20803,20068,19136,18575,18156,17258,16659,16341,15382,15079,14480,14216,13502,13109,12542,12181,11931,11472,11164,10687,10266,9851,9741,9368,8997,8968,8430,8158,8201,7706,7360,7383,7139,6725,6600,6491,6149,5949,5812,5597,5437,5432,5219,5120,4951,4792,4689,4426,4213,4139,4028,4010,3863,3702,3637,3463,3491,3141,3212,3072,3055,3012,2831,2795,2700,2550,2597,2490,2378,2291,2292,2408,2166,1996,2101,1922,2016,1911,1779,1787,1794,1780,1676,1594,1589,1494,1545,1411,1407,1361,1366,1294,1304,1263,1177,1150,1140,1118,1072,1069,1033,1010,967,968,903,914,889,866,863,803,787,803,767,718,752,695,662,680,639,651,657,610,594,595,568,584,542,500,500,519,470,444,453,503,404,422,429,448,389,407,359,387,371,345,347,355,357,314,303,315,292,272,279,276,285,277,231,265,227,235,229,198,218,250,211,218,198,179,185,197,182,184,183,152,151,175,161,134,151,139,146,119,134,147,139,114,124,132,86,109,113,103,107,119,89,94,95,97,100,75,77,107,96,67,74,89,84,88,69,59,65,60,64,54,64,56,68,64,54,62,55,40,56,41,43,46,41,49,51,51,33,46,37,41,41,45,47,37,26,34,32,37,32,35,35,32,31,26,26,21,31,34,21,31,20,26,22,25,30,21,14,17,15,19,18,26,14,30,20,15,18,18,17,20,16,15,17,13,13,11,17,15,18,7,10,11,13,8,12,10,11,16,5,5,5,8,3,6,10,9,6,5,3,8,5,6,7,8,5,8,6,11,5,5,1,3,8,6,4,4,5,9,7,3,5,5,2,8,5,4,4,8,2,4,3,3,6,2,3,1,3,3,0,2,0,5,3,1,2,2,2,1,3,3,3,2,2,0,3,2,2,5,1,1,4,3,8,4,0,0,0,2,2,3,2,1,3,0,3,1,1,3,0,0,0,2,0,1,1,0,1,0,1,0,0,1,0,2,0,0,1,0,0,1,2,2,2,1,0,1,1,0,0,2,1,1,1,0,1,0,1,1,2,0,0,1,2,0,0,0,0,1,0,1,1,1,1,3,1,0,1,0,0,0,0,0,0,0,0,0,0,0,0,0,0,0,0,1,0,0,0,0,0,0,2,0,0,0,0,1,0,0,0,0,0,0,0,0,0,1,0,0,0,0,0,0,0,0,1,0,0,0,0,0,0,0,0,0,0,0,0,0,0,0,0,0,0,1,0,0,0,0,0,0,0,0,0,0,0,0,0,0,0,0,0,0,0,0,0,0,0,1,0,0,0,0,0,0,0,0,0,1,0,0,0]

